Threads: 1 | Média: 0.9804s | SD: 0.0837 | IC 95%: (0.9491849874646082, 1.0116915796687982)
Threads: 2 | Média: 0.7180s | SD: 0.0462 | IC 95%: (0.7007237657348266, 0.7352597321317313)
Threads: 4 | Média: 0.6242s | SD: 0.0313 | IC 95%: (0.6125288402901664, 0.6358671539764572)
Threads: 12 | Média: 0.6414s | SD: 0.0393 | IC 95%: (0.6266762244100162, 0.6560586029899166)
p-valor (4 vs 12): 6.6300e-02
